99
6 2 0 2 0 2 0
3 1 0 2 0 0 0
716 332 0 237 0 147 0
1000 0 0 500 0 500 0
897 429 0 291 0 177 0
405 145 0 94 0 166 0
686 193 0 300 0 193 0
293 134 0 22 0 137 0
447 72 0 176 0 199 0
1000 500 0 499 0 1 0
949 453 0 147 0 349 0
839 376 0 132 0 331 0
852 418 0 233 0 201 0
999 499 0 250 0 250 0
248 117 0 56 0 75 0
351 165 0 106 0 80 0
474 224 0 4 0 246 0
951 303 0 446 0 202 0
992 372 0 328 0 292 0
3 0 0 3 0 0 0
999 499 0 500 0 0 0
293 64 0 101 0 128 0
702 668 0 14 0 20 0
949 350 0 270 0 329 0
976 184 0 611 0 181 0
4 1 0 2 0 1 0
955 427 0 462 0 66 0
5 0 0 3 0 2 0
232 80 0 61 0 91 0
963 370 0 97 0 496 0
311 65 0 152 0 94 0
924 457 0 180 0 287 0
4 0 0 2 0 2 0
7 3 0 2 0 2 0
106 52 0 15 0 39 0
233 94 0 57 0 82 0
999 333 0 333 0 333 0
999 499 0 499 0 1 0
95 21 0 38 0 36 0
4 2 0 1 0 1 0
6 3 0 0 0 3 0
514 198 0 121 0 195 0
4 2 0 2 0 0 0
5 1 0 1 0 3 0
823 127 0 353 0 343 0
278 87 0 98 0 93 0
946 415 0 354 0 177 0
307 123 0 32 0 152 0
1000 250 0 250 0 500 0
840 413 0 300 0 127 0
103 14 0 42 0 47 0
988 470 0 53 0 465 0
921 382 0 182 0 357 0
896 235 0 304 0 357 0
1000 0 0 499 0 501 0
548 121 0 239 0 188 0
1000 334 0 333 0 333 0
4 1 0 1 0 2 0
58 17 0 22 0 19 0
878 321 0 342 0 215 0
5 1 0 2 0 2 0
255 29 0 103 0 123 0
923 560 0 283 0 80 0
711 668 0 31 0 12 0
743 264 0 186 0 293 0
6 2 0 3 0 1 0
990 385 0 237 0 368 0
871 112 0 364 0 395 0
751 2 0 746 0 3 0
387 157 0 104 0 126 0
864 202 0 410 0 252 0
768 361 0 116 0 291 0
450 126 0 142 0 182 0
3 2 0 0 0 1 0
257 94 0 128 0 35 0
131 45 0 57 0 29 0
4 1 0 3 0 0 0
625 50 0 297 0 278 0
824 371 0 313 0 140 0
293 64 0 137 0 92 0
417 180 0 196 0 41 0
636 136 0 388 0 112 0
422 182 0 30 0 210 0
125 60 0 47 0 18 0
64 29 0 8 0 27 0
755 1 0 2 0 752 0
509 173 0 97 0 239 0
68 12 0 26 0 30 0
238 77 0 58 0 103 0
3 1 0 1 0 1 0
920 262 0 215 0 443 0
972 481 0 22 0 469 0
633 142 0 272 0 219 0
999 500 0 249 0 250 0
155 40 0 38 0 77 0
709 187 0 291 0 231 0
277 232 0 25 0 20 0
455 197 0 103 0 155 0
104 39 0 51 0 14 0
