20
220 88
1 8 3 58265
693840425 90561
2 6 7 999957328
840698758 13331
8 7 10 999955808
98 59
6 30 524 98
97 39
34 37 656 97
164 96
76 2 193 164
45068754 29153
2 9 5 999904402
254 99
1 8 9 74990
249718282 93729
1 5 6 999917908
186 75
68 16 539 186
46 18
7 11 9 46
1000000000 1
12 7 74 12
1000000000 100000
99999 1 99999 100000
112 73
1 5 3 64100
218492221 46085
3 7 1 999969453
714311129 39521
9 5 9 999998192
1000000000 100000
999999999 1 999999999 1000000000
137 49
48 17 461 137
59 26
14 19 681 59
1000000000 100000
100000 1 0 1000000000
