20
53 0.623 0.075 0.451 0.830 0.258 0.036 0.105
25 0.984 0.222 0.993 0.336 0.207 0.084 0.478
93 0.840 0.170 0.216 0.738 0.031 0.854 0.345
58 0.667 0.638 0.471 0.028 0.597 0.439 0.945
1 1.000 0.000 1.000 1.000 1.000 1.000 1.000
85 0.705 0.704 0.874 0.098 0.324 0.252 0.534
37 0.916 0.809 0.178 0.801 0.235 0.996 0.077
27 0.576 0.415 0.480 0.105 0.952 0.391 0.633
3 0.532 0.063 0.517 0.565 0.208 0.142 0.525
1 0.800 0.100 0.500 0.500 0.500 0.500 0.500
13 0.600 0.495 0.830 0.178 0.768 0.678 0.387
86 0.893 0.699 0.423 0.734 0.127 0.997 0.018
42 0.890 0.226 0.829 0.910 0.700 0.045 0.566
99 0.753 0.662 0.810 0.984 0.645 0.511 0.015
30 0.889 0.482 0.277 0.194 0.392 0.339 0.886
20 0.284 0.273 0.854 0.914 0.086 0.198 0.653
47 0.919 0.906 0.703 0.151 0.851 0.311 0.505
41 0.433 0.015 0.159 0.938 0.137 0.191 0.507
2 0.600 0.200 0.500 0.100 1.000 0.100 1.000
89 0.812 0.547 0.657 0.131 0.302 0.379 0.955
