50
2
2 2
3
3 2 2
3
1 1 2
3
2 3 1
26
32 37 38 41 43 33 41 32 43 49 39 56 40 37 35 30 36 34 37 33 46 38 36 37 42 35
26
280 255 22 19 27 24 17 15 15 19 24 17 18 13 22 20 20 19 24 18 19 17 21 21 21 13
13
77 64 82 77 69 80 73 68 77 87 84 82 76
26
18 24 24 21 18 18 25 16 25 18 12 17 19 24 18 14 18 275 248 16 24 15 20 25 24 24
3
4 3 1
26
33 49 38 44 38 43 44 37 33 38 41 41 40 45 34 30 32 29 28 40 45 40 31 37 46 44
12
80 77 86 80 82 79 85 74 100 90 79 79
3
4 2 2
3
1 3 3
3
3 3 1
26
40 35 36 48 35 34 36 26 36 53 37 41 40 46 42 36 42 43 33 50 36 37 32 37 32 37
3
2 4 2
26
20 1 20 1 20 1 20 1 20 1 20 1 20 1 20 1 20 1 20 1 20 1 20 1 20 1
3
3 2 1
25
40 41 41 41 44 44 37 48 34 36 35 41 38 43 45 32 39 41 43 39 38 47 36 34 38
16
60 68 58 66 70 70 56 63 61 62 65 54 66 46 71 60
3
3 3 3
26
1 1 1 1 1 1 1 1 1 1 1 1 1 1 1 1 1 1 1 1 1 1 1 1 1 1
5
204 190 196 199 207
26
25 1 1 1 1 1 1 1 1 1 1 1 1 1 1 1 1 1 1 1 1 1 1 1 1 1
3
2 2 3
13
75 62 87 79 67 76 76 96 80 82 83 61 70
26
38 45 39 35 46 50 46 34 46 47 38 34 35 29 44 38 28 40 28 44 35 48 39 35 28 31
3
3 2 3
10
9 1 9 1 9 1 9 1 9 1
15
66 55 81 68 75 68 51 75 66 67 64 62 58 68 68
26
26 25 25 24 24 25 18 17 17 10 16 22 25 20 177 33 15 17 17 14 189 23 13 18 168 22
24
35 40 38 40 45 41 42 47 42 43 38 48 43 45 51 44 42 34 49 39 50 36 31 32
26
32 31 48 43 35 39 35 33 49 36 41 58 38 37 45 30 40 29 44 39 42 36 33 35 35 34
17
61 56 64 59 50 70 57 54 55 59 67 52 60 61 56 57 56
3
340 312 344
26
41 47 44 39 36 37 41 34 43 46 37 32 41 31 41 35 39 44 39 35 44 36 36 30 36 36
16
1 1 1 1 1 1 1 1 1 1 1 15 1 1 1 1
26
119 117 20 24 17 19 22 14 24 16 23 18 101 19 16 13 28 19 27 20 115 20 127 16 26 20
26
157 148 150 133 17 16 20 20 11 20 16 14 17 16 21 20 20 22 21 10 26 14 20 22 21 28
26
25 29 66 48 33 41 38 46 38 41 33 43 41 42 26 34 35 47 44 40 37 44 33 38 29 29
26
45 43 31 39 41 34 35 45 38 29 30 36 31 44 39 38 41 36 48 39 32 37 44 35 35 55
9
113 110 104 111 116 118 119 86 119
11
108 75 94 96 103 78 88 92 83 92 91
26
29 151 15 167 11 17 32 18 22 16 205 22 16 21 21 21 22 20 16 21 22 22 21 19 31 22
3
1 2 1
12
71 85 98 78 79 93 96 82 72 84 80 80
3
4 3 2
17
54 56 59 60 60 61 63 54 52 53 65 60 64 55 54 72 57
26
194 157 211 12 18 25 24 17 17 24 23 19 21 24 28 14 16 21 13 16 17 21 20 13 14 21
26
110 99 114 116 126 31 20 22 23 18 31 21 21 12 16 19 16 17 20 23 17 25 26 19 21 17
