20
19 8
1 41 37 15 44 19 50 25 12 39 37 35 20 21 11 43 42 13 29 
20 14
13 13 19 13 50 14 22 12 40 40 1 22 18 29 49 29 26 6 3 2 
19 8
29 23 14 31 27 10 28 6 22 8 13 40 21 2 23 11 2 48 47 
20 4
39 5 32 21 9 29 28 32 35 5 22 0 38 21 23 7 23 39 17 13 
18 10
0 1 2 24 21 47 27 46 44 19 17 11 18 0 5 30 1 41 
20 20
19 36 8 35 43 34 50 16 21 2 46 8 14 10 22 50 18 42 6 3 
20 1
0 0 0 0 0 0 0 0 0 0 0 0 0 0 0 0 0 0 0 2 
17 14
6 24 16 40 28 10 13 50 20 15 45 41 17 6 32 41 23 
2 1
2 2
20 1
0 0 0 0 0 0 0 0 0 0 0 0 0 0 0 0 0 0 0 0 
18 8
31 25 31 50 12 9 19 23 14 19 15 23 19 43 46 2 17 1 
19 8
17 34 41 7 30 23 25 28 17 46 48 16 41 48 48 35 41 15 32 
17 20
29 4 0 11 15 21 25 1 38 11 3 42 49 18 45 46 44 
19 15
19 21 19 35 48 25 5 45 2 31 40 46 16 13 16 36 4 10 24 
10 11
1 2 3 4 5 6 7 8 9 10 
20 1
1 1 1 1 1 1 1 1 1 1 1 1 1 1 1 1 1 1 1 1
20 1
50 50 50 50 50 50 50 50 50 50 50 50 50 50 50 50 50 50 50 50 
19 5
4 13 23 37 5 37 34 10 21 7 22 4 32 18 7 36 44 10 36 
17 5
50 13 46 29 22 21 42 33 48 34 7 33 15 1 23 8 33 
18 10
11 32 46 13 48 39 45 2 0 6 10 41 48 34 46 0 39 47 
